Zona1 313.34 25.37 48.04 8.72 10.24 8.58 59.70
Zona1 349.91 14.40 56.61 9.83 21.21 1.28 53.94
Zona1 492.82 26.88 25.33 9.93 25.96 7.98 82.09
Zona1 405.14 45.14 43.62 9.36 34.71 7.24 67.87
Zona1 420.07 28.07 35.14 23.79 33.64 7.75 54.24
Zona1 339.10 48.66 55.54 31.02 20.57 1.73 58.76
Zona1 352.75 20.87 32.40 19.13 10.48 3.58 87.61
Zona1 478.04 35.10 50.28 23.14 27.63 4.69 42.85
Zona1 439.34 43.77 47.89 31.31 26.20 7.24 54.18
Zona1 356.32 44.83 43.25 11.10 12.05 5.23 54.85
Zona1 454.96 14.51 25.58 10.83 30.08 6.74 33.67
Zona1 457.40 45.58 57.15 17.70 26.78 2.81 60.88
Zona1 342.29 34.69 43.20 27.64 33.23 4.78 67.43
Zona1 499.60 27.18 48.08 32.21 21.64 8.29 34.08
Zona1 467.09 48.65 31.67 19.88 26.04 3.91 46.23
Zona1 366.27 30.26 25.70 11.18 15.04 8.62 78.72
Zona1 326.55 44.34 34.37 24.16 26.64 1.24 47.66
Zona1 415.85 43.49 39.33 30.71 27.11 9.88 43.68
Zona1 399.22 40.16 41.44 16.16 33.77 7.08 85.85
Zona1 403.24 30.41 32.89 16.65 31.20 9.86 30.44
Zona1 322.34 15.36 23.39 12.99 34.27 5.70 70.42
Zona1 324.13 48.51 44.55 21.61 27.93 7.11 53.23
Zona1 451.55 17.08 56.17 21.70 20.14 6.98 39.24
Zona1 482.96 23.81 26.55 7.06 11.97 1.13 46.96
Zona1 324.10 19.18 22.78 10.27 31.02 9.15 79.14
Zona1 309.51 49.33 32.65 31.52 29.54 1.31 38.79
Zona1 434.44 22.33 58.15 6.78 32.04 8.84 47.33
Zona1 431.87 10.09 48.57 23.15 27.62 7.70 40.54
Zona1 466.01 35.89 40.59 18.61 19.05 7.48 61.47
Zona1 381.48 26.54 31.93 12.91 16.09 8.35 57.33
Zona2 329.36 34.58 28.66 14.19 15.06 8.79 85.13
Zona2 382.69 16.02 44.79 14.77 16.74 4.49 62.39
Zona2 460.66 43.40 42.40 5.40 11.91 6.02 46.76
Zona2 490.53 44.77 51.51 27.51 23.50 9.06 54.47
Zona2 459.72 35.22 37.38 15.66 23.11 7.33 59.38
Zona2 411.49 44.80 40.30 10.79 12.92 9.97 51.45
Zona2 319.15 34.41 43.92 8.40 25.04 5.31 65.19
Zona2 396.62 26.44 35.11 11.58 11.92 4.63 78.92
Zona2 440.14 10.10 46.74 9.47 27.83 7.85 39.33
Zona2 361.15 12.75 38.82 27.97 19.10 9.37 82.55
Zona2 371.74 40.01 28.21 15.16 12.37 8.33 59.15
Zona2 383.52 42.50 55.80 11.01 24.38 4.69 46.33
Zona2 373.01 14.73 55.24 13.43 23.58 6.57 86.46
Zona2 494.82 17.45 25.00 14.19 22.24 5.07 31.97
Zona2 307.53 18.74 40.93 27.96 26.39 3.89 67.67
Zona2 312.39 33.84 20.51 18.93 30.89 5.18 86.14
Zona2 461.06 11.79 23.25 12.10 11.97 3.15 78.66
Zona2 323.19 20.91 28.37 16.20 29.04 1.39 68.68
Zona2 452.07 49.72 37.65 20.77 16.62 2.49 74.24
Zona2 408.75 17.16 53.09 33.68 19.60 8.50 74.19
Zona2 304.71 49.63 45.21 22.60 11.66 2.03 74.49
Zona2 449.52 11.59 27.68 27.24 15.57 5.81 49.19
Zona2 401.66 48.71 36.83 19.69 18.63 7.22 79.01
Zona2 476.27 49.06 24.62 10.02 34.32 8.14 44.37
Zona2 452.91 10.55 51.82 7.71 27.31 6.83 53.28
Zona2 375.70 48.96 54.33 34.98 21.22 6.78 64.29
Zona2 432.93 45.80 32.26 13.67 23.74 5.02 85.59
Zona2 331.32 42.06 39.72 21.25 20.13 8.33 82.49
Zona2 476.26 17.60 26.14 10.63 23.58 5.10 56.51
Zona2 313.70 14.42 33.79 24.92 30.05 1.11 35.77
Zona3 406.66 43.51 58.71 16.78 31.44 5.05 83.43
Zona3 352.03 26.34 27.65 5.23 26.17 9.86 75.33
Zona3 331.17 48.62 57.25 30.35 12.91 8.37 46.19
Zona3 345.61 32.33 43.57 9.60 20.00 4.18 71.15
Zona3 384.46 13.96 24.48 18.85 24.57 2.27 76.20
Zona3 335.41 30.92 46.90 11.96 27.56 5.53 78.16
Zona3 483.73 46.34 55.20 11.61 28.08 1.14 85.91
Zona3 376.39 24.75 46.60 19.05 22.78 7.87 74.70
Zona3 477.07 14.03 24.76 25.88 19.57 1.03 56.84
Zona3 356.55 18.04 52.08 25.61 15.40 6.49 53.74
Zona3 362.14 33.19 51.06 8.67 13.17 7.50 40.09
Zona3 422.89 43.93 58.82 32.61 25.16 8.56 82.77
Zona3 343.07 17.12 29.32 16.88 31.60 3.89 39.90
Zona3 423.47 44.55 51.81 8.82 16.80 8.01 46.02
Zona3 406.41 39.69 25.85 26.82 29.07 3.17 57.11
Zona3 482.96 45.96 49.52 27.63 29.34 6.96 61.56
Zona3 456.73 40.23 58.50 18.59 31.90 1.37 51.90
Zona3 421.44 43.89 46.31 22.01 19.00 5.60 81.51
Zona3 484.03 35.01 31.92 20.79 32.02 7.66 71.92
Zona3 328.45 29.62 53.50 5.15 28.18 3.26 35.49
Zona3 363.73 45.32 21.09 34.78 12.19 2.82 70.11
Zona3 340.47 42.63 33.66 15.59 34.42 6.47 81.67
Zona3 340.43 28.68 30.81 34.00 21.39 3.18 73.79
Zona3 465.65 43.97 33.44 18.06 12.94 6.29 64.29
Zona3 443.59 33.42 47.96 31.60 33.60 9.21 50.63
Zona3 479.81 45.16 33.18 17.88 30.70 2.91 39.27
Zona3 453.01 11.94 51.10 27.90 15.23 6.17 34.77
Zona3 407.19 28.63 51.56 31.97 19.22 8.15 36.94
Zona3 397.36 10.52 55.11 15.55 24.72 3.95 36.19
Zona3 423.09 40.36 54.85 16.48 12.66 5.71 81.88
Zona4 357.33 27.67 50.06 15.28 24.67 1.04 44.57
Zona4 498.97 30.22 49.07 34.04 29.09 6.08 60.48
Zona4 379.59 43.69 49.95 15.67 31.40 6.58 64.45
Zona4 477.98 43.93 43.61 15.94 30.18 5.21 75.64
Zona4 414.38 37.57 42.97 16.69 10.86 7.93 87.35
Zona4 445.92 39.08 32.32 10.24 34.62 4.94 32.07
Zona4 393.10 46.49 34.48 6.50 32.94 4.40 47.29
Zona4 373.97 30.22 46.99 19.62 23.94 3.06 72.48
Zona4 487.64 35.39 43.73 34.04 20.37 3.10 66.22
Zona4 380.26 29.63 44.30 26.20 31.08 1.19 72.08
Zona4 465.45 32.18 59.24 33.33 27.06 4.97 61.81
Zona4 312.20 27.25 35.19 28.45 33.01 9.35 53.77
Zona4 498.58 34.83 20.48 10.44 32.85 8.83 50.92
Zona4 416.31 48.44 40.33 32.05 20.11 7.59 46.67
Zona4 425.74 33.60 41.70 6.35 23.53 6.41 83.66
Zona4 360.89 28.68 22.04 14.35 26.17 3.99 33.74
Zona4 329.51 21.08 50.17 30.33 16.89 8.34 34.37
Zona4 335.07 13.57 46.56 16.55 15.87 2.61 37.71
Zona4 400.59 28.46 22.80 25.28 23.85 2.56 83.22
Zona4 490.35 36.44 35.79 21.38 31.15 9.38 55.54
Zona4 442.36 14.54 35.59 8.94 27.72 2.70 73.77
Zona4 342.92 28.98 40.20 10.76 34.63 7.82 48.38
Zona4 448.01 28.70 35.49 10.99 26.62 8.89 55.45
Zona4 441.03 47.92 28.39 22.11 23.49 2.80 63.30
Zona4 482.30 15.58 48.83 25.19 17.87 9.17 41.72
Zona4 347.67 37.82 50.09 26.66 10.78 6.07 82.42
Zona4 447.89 32.86 59.00 15.66 11.26 1.09 63.83
Zona4 318.69 21.23 32.09 12.25 24.15 4.85 83.16
Zona4 434.82 19.05 24.75 7.10 19.37 2.98 43.16
Zona4 496.12 18.24 36.43 30.97 19.74 2.86 85.23
Zona5 467.93 39.96 32.46 18.12 14.57 4.54 49.12
Zona5 310.16 32.54 51.95 31.24 17.81 9.40 36.49
Zona5 405.12 27.37 28.29 13.64 18.55 6.92 63.70
Zona5 416.54 25.56 48.38 9.51 25.71 6.76 44.94
Zona5 323.61 23.85 41.85 5.91 27.80 1.25 83.56
Zona5 413.57 19.02 43.24 21.69 15.86 1.13 38.33
Zona5 388.50 10.80 59.38 32.33 32.06 6.93 84.79
Zona5 310.08 44.52 58.31 12.36 34.72 6.15 41.59
Zona5 351.18 26.69 53.82 20.51 28.81 9.66 41.16
Zona5 376.85 41.30 22.25 25.39 25.89 5.32 84.29
Zona5 300.50 23.76 59.18 26.39 30.27 5.84 71.72
Zona5 334.77 35.33 51.45 25.22 21.01 6.19 62.46
Zona5 312.18 30.31 30.21 7.53 26.87 3.86 84.61
Zona5 338.12 19.10 59.43 28.83 26.90 1.97 38.91
Zona5 435.56 25.93 41.36 20.69 16.46 1.53 49.71
Zona5 425.74 17.33 49.68 7.21 32.18 5.31 31.77
Zona5 448.41 44.22 37.11 18.12 34.80 9.55 39.52
Zona5 361.75 33.81 43.53 15.83 12.00 8.77 88.71
Zona5 422.94 16.88 52.22 30.44 33.14 3.79 33.88
Zona5 395.61 13.97 48.21 30.43 15.99 2.17 52.88
Zona5 406.05 28.96 22.00 33.51 20.85 7.49 76.59
Zona5 363.99 31.83 45.49 20.40 22.64 3.13 53.00
Zona5 448.73 32.88 43.43 11.77 28.86 1.94 88.82
Zona5 458.74 22.86 23.85 21.68 24.45 2.20 50.99
Zona5 447.61 13.70 32.94 18.89 30.19 8.50 52.35
Zona5 421.71 22.26 50.85 17.34 11.34 5.79 55.61
Zona5 412.49 14.84 41.08 28.24 31.77 6.59 43.12
Zona5 422.90 34.65 33.80 31.47 13.01 6.92 74.61
Zona5 470.58 26.63 33.42 18.50 28.26 2.90 49.07
Zona5 358.10 42.92 49.46 13.57 31.88 5.12 50.62
